3 0.3609375 0.4703125 0.0875 0.1453125
3 0.215625 0.5078125 0.078125 0.0828125
2 0.4390625 0.5015625 0.0109375 0.0734375
2 0.421875 0.503125 0.01875 0.06875
2 0.34375 0.509375 0.015625 0.075
0 0.8640625 0.5078125 0.2703125 0.1578125
2 0.1203125 0.5546875 0.06875 0.2921875
2 0.0296875 0.5703125 0.0578125 0.2859375
2 0.6671875 0.5640625 0.071875 0.321875
2 0.1703125 0.55 0.1 0.3328125
0 0.2828125 0.5203125 0.0546875 0.046875
2 0.290625 0.509375 0.0109375 0.0734375
0 0.078125 0.540625 0.15625 0.1125
0 0.6609375 0.5046875 0.0984375 0.0625