2 0.028125 0.5203125 0.05625 0.240625
2 0.06875 0.58125 0.0984375 0.2578125
2 0.0859375 0.5359375 0.0625 0.2265625
2 0.096875 0.459375 0.05 0.175
2 0.153125 0.534375 0.071875 0.2765625
2 0.1359375 0.465625 0.0234375 0.128125
2 0.23125 0.6359375 0.215625 0.528125
2 0.3 0.625 0.159375 0.53125
2 0.3953125 0.546875 0.0578125 0.403125
2 0.55 0.6296875 0.0703125 0.4328125
2 0.596875 0.559375 0.08125 0.5359375
2 0.71875 0.559375 0.0796875 0.5453125
2 0.7765625 0.63125 0.1796875 0.7359375
2 0.821875 0.5796875 0.0703125 0.46875
2 0.8734375 0.559375 0.075 0.528125
2 0.9734375 0.50625 0.0484375 0.5546875