2 0.23125 0.7984375 0.396875 0.3984375
2 0.471875 0.8203125 0.0359375 0.115625
2 0.48125 0.6609375 0.0171875 0.0484375
2 0.49375 0.803125 0.028125 0.125
2 0.503125 0.746875 0.01875 0.0890625
2 0.50625 0.6546875 0.0171875 0.0484375
2 0.51875 0.7515625 0.0078125 0.090625
2 0.5375 0.81875 0.0265625 0.121875
2 0.534375 0.7140625 0.0125 0.0703125
2 0.5734375 0.8015625 0.021875 0.103125
2 0.5859375 0.7125 0.021875 0.0671875
2 0.603125 0.7875 0.03125 0.1078125
2 0.6484375 0.721875 0.021875 0.08125
2 0.66875 0.7109375 0.0140625 0.084375
2 0.6796875 0.7203125 0.0171875 0.075
2 0.75 0.8546875 0.03125 0.146875
2 0.828125 0.7296875 0.034375 0.059375
2 0.834375 0.8703125 0.04375 0.175
2 0.9 0.746875 0.0234375 0.059375
2 0.9828125 0.7703125 0.03125 0.059375
2 0.99375 0.8890625 0.0078125 0.0625